`dicPME` <-
structure(list(cod = structure(c(2L, 3L, 4L, 5L, 6L, 7L, 8L, 
10L, 9L, 11L, 12L, 13L, 14L, 15L, 16L, 17L, 18L, 19L, 20L, 21L, 
22L, 23L, 24L, 25L, 33L, 36L, 37L, 26L, 27L, 28L, 29L, 30L, 31L, 
32L, 34L, 35L, 38L, 39L, 40L, 41L, 42L, 43L, 44L, 45L, 46L, 47L, 
48L, 49L, 50L, 51L, 52L, 53L, 54L, 55L, 56L, 57L, 58L, 59L, 60L, 
61L, 62L, 63L, 64L, 65L, 66L, 67L, 68L, 69L, 70L, 71L, 72L, 73L, 
74L, 75L, 76L, 182L, 77L, 183L, 78L, 79L, 80L, 81L, 82L, 83L, 
184L, 84L, 185L, 85L, 86L, 87L, 88L, 89L, 90L, 91L, 92L, 94L, 
93L, 95L, 96L, 97L, 98L, 186L, 99L, 100L, 187L, 101L, 102L, 103L, 
104L, 105L, 106L, 107L, 108L, 109L, 110L, 111L, 112L, 113L, 114L, 
115L, 116L, 117L, 118L, 119L, 120L, 121L, 122L, 123L, 124L, 125L, 
126L, 127L, 128L, 129L, 130L, 131L, 132L, 133L, 134L, 135L, 136L, 
137L, 138L, 150L, 151L, 139L, 140L, 141L, 142L, 143L, 144L, 145L, 
1L, 146L, 147L, 148L, 149L, 152L, 163L, 173L, 174L, 175L, 176L, 
177L, 178L, 179L, 153L, 154L, 155L, 156L, 157L, 158L, 159L, 160L, 
161L, 162L, 164L, 165L, 166L, 167L, 168L, 169L, 170L, 171L, 172L, 
180L, 181L), .Label = c(" V464", "V035", "V040", "V050", "V055", 
"V060", "V063", "V070", "V072", "V075", "V104", "V105", "V106", 
"V107", "V108", "V109", "V110", "V111", "V112", "V113", "V114", 
"V115", "V201", "V203", "V204", "V205", "V206", "V207", "V208", 
"V209", "V210", "V211", "V214", "V215", "V218", "V224", "V234", 
"V301", "V302", "V303", "V304", "V305", "V306", "V307", "V308", 
"V309", "V310", "V311", "V312", "V313", "V314", "V401", "V402", 
"V403", "V404", "V405", "V4051", "V4052", "V4053", "V4054", "V406", 
"V407A", "V408A", "V409", "V410", "V411", "V412", "V4121", "V4122", 
"V413", "V414", "V415", "V416", "V417", "V418", "V4182", "V4191", 
"V420", "V421", "V422", "V4221", "V4222", "V4231", "V4241", "V425", 
"V426", "V4261", "V4262", "V427", "V4271", "V4272", "V4273", 
"V4274", "V4275", "V428", "V429", "V430", "V4302", "V431", "V4312", 
"V432", "V433", "V434", "V435", "V436", "V437", "V438", "V439", 
"V440", "V441", "V442", "V443", "V444", "V445A", "V446A", "V447", 
"V448", "V449", "V450", "V451", "V452", "V4521", "V4522", "V4523", 
"V4524", "V453", "V454", "V4541", "V4542", "V4543", "V4544", 
"V455", "V456", "V457", "V458", "V459", "V460", "V461", "V462", 
"V463", "V4631", "V4632", "V4633", "V4634", "V4635", "V465", 
"V466", "V467", "V468", "V471", "V481", "VD1", "VD10", "VD11", 
"VD12", "VD13", "VD14", "VD15", "VD16", "VD17", "VD18", "VD19", 
"VD2", "VD20", "VD21", "VD22", "VD23", "VD24", "VD25", "VD26", 
"VD27", "VD28", "VD3", "VD4", "VD5", "VD6", "VD7", "VD8", "VD9", 
"VDAE1", "VDAE2", "VI4182", "VI4191", "VI4231", "VI4241", "VI4302", 
"VI4312"), class = "factor"), inicio = c(1, 3, 11, 16, 17, 18, 
19, 21, 25, 26, 27, 28, 31, 44, 59, 63, 69, 73, 79, 84, 93, 102, 
104, 105, 107, 109, 113, 117, 118, 119, 120, 121, 123, 125, 132, 
139, 149, 150, 151, 153, 154, 155, 156, 158, 159, 160, 161, 162, 
163, 164, 165, 166, 167, 168, 170, 171, 173, 175, 177, 179, 180, 
183, 185, 186, 187, 188, 189, 190, 192, 193, 194, 195, 196, 197, 
198, 207, 216, 225, 234, 235, 236, 237, 238, 240, 249, 258, 267, 
276, 277, 278, 279, 281, 282, 284, 286, 288, 290, 292, 295, 298, 
299, 308, 317, 318, 327, 336, 337, 339, 341, 342, 343, 344, 346, 
347, 348, 349, 350, 351, 352, 355, 357, 358, 359, 360, 361, 362, 
363, 365, 367, 369, 371, 372, 373, 375, 377, 379, 381, 382, 383, 
385, 386, 387, 389, 391, 393, 397, 399, 400, 402, 404, 406, 408, 
410, 411, 412, 413, 416, 417, 418, 419, 420, 421, 422, 423, 424, 
425, 426, 427, 428, 429, 430, 431, 432, 433, 434, 435, 436, 437, 
438, 439, 448, 457, 466, 475, 478, 481, 482), tamanho = c(2, 
8, 5, 1, 1, 1, 2, 4, 1, 1, 1, 3, 13, 15, 4, 6, 4, 6, 5, 9, 9, 
2, 1, 2, 2, 4, 4, 1, 1, 1, 1, 2, 2, 7, 7, 10, 1, 1, 2, 1, 1, 
1, 2, 1, 1, 1, 1, 1, 1, 1, 1, 1, 1, 2, 1, 2, 2, 2, 2, 1, 3, 2, 
1, 1, 1, 1, 1, 2, 1, 1, 1, 1, 1, 1, 9, 9, 9, 9, 1, 1, 1, 1, 2, 
9, 9, 9, 9, 1, 1, 1, 2, 1, 2, 2, 2, 2, 2, 3, 3, 1, 9, 9, 1, 9, 
9, 1, 2, 2, 1, 1, 1, 2, 1, 1, 1, 1, 1, 1, 3, 2, 1, 1, 1, 1, 1, 
1, 2, 2, 2, 2, 1, 1, 2, 2, 2, 2, 1, 1, 2, 1, 1, 2, 2, 2, 4, 2, 
1, 2, 2, 2, 2, 2, 1, 1, 1, 3, 1, 1, 1, 1, 1, 1, 1, 1, 1, 1, 1, 
1, 1, 1, 1, 1, 1, 1, 1, 1, 1, 1, 1, 9, 9, 9, 9, 3, 3, 1, 1),